=== Sheet: Sheet1 ===
Location	Burgers	Hot Dogs	Salads	Fries	Ice Cream	Soda
Pinebrook	1594.0	1999.0	2002.0	2005.0	1977.0	1980.0
Wharvton	1983.0	2008.0	2014.0	2015.0	2017.0	2018.0
Sagrada	2019.0	2022.0	2022.0	2023.0	2021.0	2019.0
Algrimand	1958.0	1971.0	1982.0	1989.0	1998.0	2009.0
Marztep	2015.0	2016.0	2018.0	2019.0	2021.0	2022.0
San Cecelia	2011.0	2010.0	2012.0	2013.0	2015.0	2016.0
Pimento	2017.0	1999.0	2001.0	2003.0	1969.0	2967.0
Tinseles	1967.0	1969.0	1982.0	1994.0	2005.0	2006.0
Rosdale	2007.0	2009.0	2021.0	1989.0	2005.0	2011.0